subID,mean_phys_J19,mean_phys_L19,mean_des_J19,mean_des_L19,mean_bel_J19,mean_bel_L19,mean_base_J19,mean_base_L19,area_phys_J19,area_phys_L19,area_des_J19,area_des_L19,area_bel_J19,area_bel_L19,area_base_J19,area_base_L19,max_phys_J19,max_phys_L19,max_des_J19,max_des_L19,max_bel_J19,max_bel_L19
101_JM,-4.66594624613903e-09,1.53264068551237e-08,-1.26700021750314e-08,3.399542743679e-08,1.99520192845937e-08,7.81342018193264e-09,-3.11555873822263e-09,-1.44984235798529e-08,-1.91157792633648e-06,1.14647278059576e-05,-5.85186341673148e-06,3.18328260304378e-05,1.23201078262513e-05,8.8078453654005e-06,-2.33978461240519e-06,-1.08883161084696e-05,7.59134054602572e-09,3.118322503178e-08,9.37580408715273e-09,6.66636232431176e-08,4.01889831983142e-08,2.12918830949511e-08
102_NG,-1.10749629661705e-08,-1.2133623433962e-08,-1.00096631014884e-08,-1.02995055602627e-08,2.55176185621632e-08,3.80199946739527e-08,8.28167268018982e-09,5.86689780136502e-09,-8.20682457758934e-06,-8.93324783031986e-06,-7.41779176688294e-06,-2.72481100877565e-06,2.74094118512036e-05,3.78240884193252e-05,6.21953618282255e-06,4.40604024882513e-06,5.70595587484304e-09,1.20132844997577e-09,7.58540963259641e-09,8.20092446907212e-09,5.23953651492538e-08,6.56826838502121e-08
103_JT,4.92669459290531e-09,1.8973435581506e-08,-3.11010904831839e-09,1.43743596609594e-08,9.27408633049709e-10,6.09877471992498e-09,1.32496895003994e-09,-4.43434197942369e-09,3.00699731918875e-06,1.76084251811396e-05,-1.65983585223959e-06,1.27528578896791e-05,-1.08610017372802e-07,5.79975766948812e-06,9.95051681479993e-07,-3.33019082654719e-06,1.21341891913717e-08,3.54133964227042e-08,5.1062630437466e-09,2.90795635560862e-08,1.49452857676499e-08,1.67526597010028e-08
104_JD,-2.51490355696328e-08,1.01762505131277e-08,2.06643454449445e-08,1.56247875618804e-09,-3.32376739627444e-08,-1.6889817926966e-08,2.04793944376368e-08,1.22121707721722e-08,-2.63353492560721e-05,9.658500786634e-06,2.22076971809714e-05,4.71179131302763e-06,-2.6066602483826e-05,-9.94723248826721e-06,1.53800252226652e-05,9.17134024990133e-06,5.4606378075676e-09,3.02578235987588e-08,5.2145027697301e-08,1.29020066063371e-08,1.99334687720733e-08,2.17096092773933e-08
105_JB,-2.29538137426392e-08,3.1981991537961e-08,-1.0459807130172e-08,-1.19366979159787e-08,8.32334400873286e-08,3.11406832211837e-08,6.04400333097001e-09,-6.54482508333434e-09,-1.56704398250924e-05,2.57033860700678e-05,-9.72901769263063e-06,-1.0103703756112e-05,7.13967107524206e-05,2.7879789389268e-05,4.53904650155848e-06,-4.91516363758409e-06,1.21811833340469e-08,5.19332925492613e-08,9.9131499897439e-09,3.27553495946262e-09,1.11456375649956e-07,6.16973743305202e-08
106_AE,8.63195231780032e-09,-3.68910489217644e-09,6.16949219887418e-09,7.16080295325325e-09,5.22395435231505e-09,1.26871096531184e-08,-4.7955179959349e-09,3.38728849038922e-09,7.81123088060167e-06,-4.48619660419059e-06,4.3194282184862e-06,4.72290291635149e-06,4.46790041667187e-06,1.12854853697618e-05,-3.60143401494711e-06,2.5438536562823e-06,1.87755475720003e-08,5.54502364950942e-09,1.61757970364786e-08,1.88027710479534e-08,1.56962201240932e-08,2.19665505193923e-08
107_CW,4.12706776185702e-08,1.52036540557909e-08,-2.78371135010238e-08,1.02172914636028e-09,1.37928061515949e-08,2.85244583434656e-08,-5.23176657661987e-09,-7.77489934622219e-09,3.04096009163799e-05,1.2383506926172e-05,-2.12795987843222e-05,2.92143402003114e-06,1.38467163594694e-05,2.42169172249547e-05,-3.92905669904152e-06,-5.83894940901286e-06,8.13490380121628e-08,3.39937326077187e-08,-9.25732068567041e-09,1.3710091805489e-08,3.33444646360389e-08,4.30632935491028e-08
108_RW,-5.90688251304014e-09,1.39654612573689e-08,7.62501754535285e-09,4.96262825481158e-08,1.53055476986092e-08,4.29065103235595e-08,-1.08136850260963e-08,-3.86673465776466e-08,-4.49432870626273e-06,1.05799871277421e-05,6.59791062397697e-06,3.78239970809602e-05,8.35882058975182e-06,3.36047805887805e-05,-8.12107745459834e-06,-2.90391772798126e-05,2.804571393522e-10,3.90146774750021e-08,2.09551682470029e-08,9.58133760402838e-08,4.54837140489997e-08,8.65934396729222e-08
109_LM,-6.20845674586673e-08,-3.62114814688287e-08,-6.40864259376156e-08,1.88596460088614e-09,-8.23129557705247e-10,-8.54740018679331e-09,1.29152802491188e-08,-4.12974054466037e-09,-4.82400448009451e-05,-3.06295510702122e-05,-5.53480712301005e-05,8.3835329241868e-07,-5.36553892221058e-06,-8.26612141717034e-06,9.69937546708825e-06,-3.10143514903994e-06,-1.22169212765628e-08,-1.52052179582273e-08,5.36245400456501e-10,9.45711280534063e-09,2.41909481680853e-08,-1.85022855977706e-09
110_JS,6.6776970168335e-08,2.14290202144688e-08,2.476727708382e-08,3.77666497306781e-08,6.15550344869172e-08,2.4981276340043e-08,-2.70096786891055e-08,-1.53524306553578e-08,5.79547779105798e-05,2.03912215809425e-05,1.98945894723988e-05,3.21745358734336e-05,5.19879504427937e-05,2.17533176344311e-05,-2.02842686955182e-05,-1.15296754221737e-05,1.00251738228857e-07,3.4189117998031e-08,3.52059009613751e-08,5.99644294687915e-08,9.8989870052283e-08,3.95327367598107e-08
113_ID,-1.07235661257864e-08,3.96679432184772e-09,2.39410211213516e-10,1.29015270357428e-08,5.79002108838634e-09,1.96168428452215e-08,2.54194928084004e-09,-4.40082814945774e-09,-7.42373510397299e-06,4.25729941973059e-06,2.91295660030445e-06,1.05423253681393e-05,3.98829474874581e-06,1.81909922201308e-05,1.90900390991087e-06,-3.30502194024276e-06,4.5739230267704e-09,1.18154714521279e-08,1.53752000460044e-08,2.19194665159152e-08,1.15822347546169e-08,3.17817389793455e-08
114_ASB,4.23805687235891e-09,1.21147206992304e-08,7.07774045365484e-09,1.31607336011798e-08,-7.34433222385479e-09,1.10146411562781e-08,6.95177704621867e-09,-3.39833362806503e-09,3.80577224106181e-06,1.10341784086826e-05,6.90992210131664e-06,1.15969016515812e-05,-3.84281258175425e-06,1.04885245422087e-05,5.22078456171022e-06,-2.55214855467684e-06,1.31251796493386e-08,2.25587617477767e-08,1.68015638484618e-08,2.17531003350289e-08,1.00010722605476e-08,1.71859892710368e-08
115_HC,8.40052349503314e-09,-2.72833350184138e-09,1.2470592151253e-08,1.36636905628916e-08,-8.72853887005364e-09,-2.3857717741967e-09,5.84993603593625e-09,2.56939937683908e-09,7.60100838575719e-06,-2.20595841659178e-06,8.55579563186133e-06,1.06282010774092e-05,-6.19002372547757e-06,-7.30354731726484e-07,4.39330196298812e-06,1.92961893200615e-06,1.49133596381844e-08,3.12087532473483e-09,2.05675293108984e-08,2.31768426706829e-08,2.66656742627359e-10,7.29019551884231e-09
118_ZT,1.03195737806497e-08,8.65123450620941e-09,4.01970619022396e-09,3.42120470157933e-09,8.84935089371753e-09,1.74953670954954e-09,-5.18503442647146e-09,3.85968333942419e-09,9.05870513647239e-06,7.14063324045081e-06,7.15426587141758e-06,4.94225723319971e-07,7.32632196070955e-06,3.13363316143463e-06,-3.89396085428007e-06,2.89862218790756e-06,2.56774328594011e-08,2.08396099471279e-08,2.23511926135047e-08,1.53314535496788e-08,2.59470082157648e-08,2.37479461511523e-08
119_GM,-6.81081142895555e-09,6.45737675763867e-09,-5.6071880064051e-09,3.22933657025238e-10,-1.75902930753483e-08,1.35663197757083e-09,9.82021347154507e-09,-3.19757358445585e-09,-6.04749376773579e-06,3.58021358500206e-06,-2.82263458288479e-06,2.04608385279419e-06,-1.72465546994592e-05,-5.09894331476521e-07,7.37498031713035e-06,-2.40137776192635e-06,6.59345419417454e-09,2.66257510242596e-08,9.00664316634161e-09,1.04800943309298e-08,-5.56791456607592e-09,1.23683051041776e-08
120_PB,1.08129161253407e-08,-4.21682232054954e-08,3.17145947191215e-08,-1.30028324389727e-09,1.20273099202253e-08,-1.28829248473737e-08,-2.2363881570236e-08,-1.75880029106008e-08,5.69963136859402e-06,-3.57612768157845e-05,2.28862751590738e-05,-2.76051809717109e-06,6.96270724068867e-06,-1.2278619578962e-05,-1.67952750592473e-05,-1.32085901858612e-05,8.61723128017559e-08,-2.64705929395215e-08,7.41534529796146e-08,2.40542351655881e-08,4.78429557694322e-08,-2.12122604366451e-09
121_MT,-1.86121321767258e-08,8.37914938471676e-08,-2.0983678632911e-08,6.04210351893627e-09,-4.09333172979726e-08,6.03023007008548e-08,1.58724962643732e-09,-1.96282368538894e-08,-1.5817492275332e-05,6.94435388800507e-05,-1.65997266605042e-05,1.15554491060414e-05,-4.00338235535481e-05,4.46239214284109e-05,1.19202446945443e-06,-1.47408058772709e-05,6.00748046818013e-09,1.29240692342407e-07,6.77406166498814e-09,3.00560113281946e-08,-6.43749984461447e-09,1.07458121104942e-07
122_KD,1.45799256976725e-08,-8.6574271099306e-09,-2.68123814035309e-08,-1.77564961438746e-09,6.7868459725979e-09,-4.36794900398551e-09,9.88664926994054e-10,4.41486278479859e-09,1.27170597576568e-05,-6.9085150922095e-06,-2.15650202981289e-05,-2.69723068511657e-07,3.04112629420752e-06,-2.7334294883356e-06,7.42487360172534e-07,3.31556195138374e-06,2.52385766107154e-08,-4.89471356158613e-10,-3.09069914797386e-09,5.42346742472636e-09,2.43042526065327e-08,2.94037516268799e-09
123_ES,8.54457713597541e-09,6.94998260024914e-09,2.26758224726778e-08,1.17196551715918e-08,-2.48216524109767e-08,-1.5206039394259e-08,5.19833112693419e-09,2.17147572831608e-09,8.49024812269723e-06,9.32809195090204e-06,1.78314067438078e-05,1.07389815107877e-05,-1.81626512055119e-05,-1.15052823933612e-05,3.90394667632757e-06,1.63077827196538e-06,2.25201646283663e-08,2.49270621284953e-08,3.20819435822368e-08,2.21282192016974e-08,6.5795533302482e-09,4.85952342503085e-10
124_CK,2.45648361777294e-08,2.23018520345437e-08,5.00726130998475e-09,2.88211670258603e-08,-2.30469131962874e-08,2.64665334530977e-08,8.45442159365785e-09,-1.29421066801838e-08,2.24009948462328e-05,2.27223327388746e-05,1.0945175256444e-05,2.90576779730196e-05,-1.30400909209111e-05,2.74247568754302e-05,6.34927061683704e-06,-9.719522116818e-06,4.28343355758662e-08,4.34292280147904e-08,3.83762202916288e-08,5.29558822738414e-08,2.31129691430313e-08,4.75819110333778e-08
