subID,m_phys_J19,m_phys_L19,m_des_J19,m_des_L19,m_bel_J19,m_bel_L19,m_base_J19,m_base_L19,m_des_base_J19,m_des_base_L19,m_bel_base_J19,m_bel_base_L19,a_phys_J19,a_phys_L19,a_des_J19,a_des_L19,a_bel_J19,a_bel_L19
101_JM,-2.15434450080746e-08,2.93402064810806e-08,-2.12198238275218e-08,7.06358951591e-08,3.40209020548937e-08,4.96055930814366e-08,9.90039129470557e-09,-1.63000267111882e-08,-3.11202151222274e-08,8.69359218702882e-08,2.41205107601881e-08,6.59056197926248e-08,-2.15649884530826e-05,2.93695466875616e-05,-2.12410436513494e-05,7.07065310542591e-05,3.40549229569485e-05,4.96551986745181e-05
102_NG,-6.17014242897924e-08,-2.42335151564438e-08,-1.06575651531806e-08,-1.42410419626356e-09,4.17106513131753e-08,6.40964842621239e-08,3.1127504294535e-08,2.67330160280109e-08,-4.17850694477156e-08,-2.81571202242744e-08,1.05831470186403e-08,3.7363468234113e-08,-6.17631257140822e-05,-2.42577486716003e-05,-1.06682227183338e-05,-1.42552830045982e-06,4.17523619644885e-05,6.4160580746386e-05
103_JT,-5.8264603127885e-09,3.54219630097445e-08,-4.56179632617638e-10,3.84603051650438e-08,2.56441465632306e-08,3.30096215822568e-08,6.47498008855814e-09,-9.9002244892124e-10,-6.93115972117577e-09,3.9450327613965e-08,1.91691664746725e-08,3.3999644031178e-08,-5.83228677310128e-06,3.54573849727542e-05,-4.56635812250256e-07,3.84987654702088e-05,2.56697907097939e-05,3.3042631203839e-05
104_JD,-4.8839686623883e-08,-1.16268068860612e-08,1.04894190528702e-07,1.011709204641e-07,-2.67463512376101e-07,-3.23443457628877e-07,8.4883196159986e-08,3.63150772282015e-08,2.00109943687165e-08,6.48558432358987e-08,-3.52346708536087e-07,-3.59758534857078e-07,-4.88885263105069e-05,-1.16384336929473e-05,0.000104999084719231,0.000101272091384564,-0.000267730975888477,-0.000323766901086505
105_JB,-5.26789955493169e-08,1.09842958962503e-08,-2.48183212464049e-08,1.66087371437086e-09,2.45428068254223e-07,1.06304678576846e-07,4.58225320091808e-08,-1.58446041821346e-08,-7.06408532555857e-08,1.75054778965055e-08,1.99605536245042e-07,1.22149282758981e-07,-5.27316745448663e-05,1.09952801921465e-05,-2.48431395676513e-05,1.66253458808523e-06,0.000245673496322478,0.000106410983255423
106_AE,3.01613439665919e-08,7.56081269483242e-10,2.09647656896395e-08,1.53258049210282e-08,2.59497529505093e-08,2.73611297506993e-08,-1.02247093393137e-08,-1.78874149462688e-09,3.11894750289532e-08,1.71145464156551e-08,3.6174462289823e-08,2.91498712453261e-08,3.01915053105585e-05,7.56837350752725e-07,2.09857304553291e-05,1.53411307259492e-05,2.59757027034598e-05,2.738849088045e-05
107_CW,7.13228566784029e-08,1.83567650353473e-08,-4.25923035079651e-08,6.89894506441875e-09,6.70757926362859e-09,6.25307060376271e-08,-9.11651947324688e-09,-6.52573503117359e-09,-3.34757840347182e-08,1.34246800955923e-08,1.58240987368755e-08,6.90564410688007e-08,7.13941795350813e-05,1.83751218003827e-05,-4.2634895811473e-05,6.90584400948317e-06,6.71428684289221e-06,6.25932367436648e-05
108_RW,-1.08488745570091e-09,5.20593799619286e-08,4.1323215637687e-08,1.09294223708782e-07,3.74967329104601e-08,7.44186729899701e-08,-2.47676616748208e-08,-9.20933395667585e-08,6.60908773125077e-08,2.01387563275541e-07,6.22643945852809e-08,1.66512012556729e-07,-1.08597234315661e-06,5.21114393418905e-05,4.13645388533247e-05,0.000109403517932491,3.75342296433706e-05,7.449309166296e-05
109_LM,-1.76734278706477e-07,-3.24002207147088e-07,-8.69619481698772e-08,2.64531328360189e-08,-8.67427658357948e-08,-1.38069730377746e-07,9.25135255047494e-08,7.22245844358078e-08,-1.79475473674627e-07,-4.57714515997889e-08,-1.79256291340544e-07,-2.10294314813554e-07,-0.000176911012985183,-0.000324326209354235,-8.70489101180471e-05,2.64795859688549e-05,-8.68295086016306e-05,-0.000138207800108124
110_JS,2.50588959647205e-07,5.28027367314373e-08,7.84260915561792e-08,7.09748022573092e-08,1.27641528137384e-07,7.22434967885028e-08,-3.19918405725679e-08,1.86208125362987e-08,1.10417932128747e-07,5.23539897210105e-08,1.59633368709952e-07,5.36226842522041e-08,0.000250839548606852,5.28555394681688e-05,7.85045176477354e-05,7.10457770595665e-05,0.000127769169665521,7.23157402852913e-05
113_ID,-6.8439216809205e-08,-2.998025858287e-08,7.67710927899387e-08,1.26703885515123e-07,-1.54647303051787e-07,-1.3587145349448e-07,6.87442034452079e-08,5.69628093102036e-08,8.02688934473087e-09,6.97410762049199e-08,-2.23391506496995e-07,-1.92834262804684e-07,-6.85076560260142e-05,-3.00102388414529e-05,7.68478638827287e-05,0.000126830589400639,-0.000154801950354839,-0.000136007324947975
114_ASB,3.19351809771193e-08,3.76166773967163e-08,3.21425570130206e-08,4.62977146308579e-08,-2.6814171403316e-08,2.0862512738138e-08,3.03129206129581e-08,7.21536671547931e-09,1.82963640006257e-09,3.90823479153786e-08,-5.71270920162741e-08,1.36471460226587e-08,3.19671161580964e-05,3.7654294074113e-05,3.21746995700337e-05,4.63440123454888e-05,-2.68409855747193e-05,2.08833752508762e-05
115_HC,5.50914749535269e-08,-3.94016673377392e-08,3.435885225139e-08,4.43086640796281e-08,-8.06812796782318e-08,-6.82504311311522e-08,-1.33129803799921e-09,-4.05481796409106e-10,3.56901502893892e-08,4.47141458760372e-08,-7.93499816402325e-08,-6.78449493347431e-08,5.51465664284804e-05,-3.9441069005077e-05,3.43932111036414e-05,4.43529727437078e-05,-8.076196095791e-05,-6.83186815622834e-05
118_ZT,4.01736806501097e-08,1.55490680806806e-08,8.80977191621795e-09,-2.74972846292497e-09,6.01324085269524e-08,-2.43814213280169e-08,-1.56770533544888e-08,1.30943855949891e-08,2.44868252707068e-08,-1.58441140579141e-08,7.58094618814412e-08,-3.74758069230061e-08,4.02138543307598e-05,1.55646171487612e-05,8.81858168813417e-06,-2.75247819138789e-06,6.01925409354793e-05,-2.44058027493449e-05
119_GM,-2.08228456218026e-08,1.50446694717054e-08,-1.90854600021799e-08,9.61603766914775e-09,2.49331957063644e-08,2.8976471994261e-08,3.33471012611629e-08,-1.01914322170846e-09,-5.24325612633428e-08,1.06351808908562e-08,-8.41390555479856e-09,2.99956152159694e-08,-2.08436684674244e-05,1.50597141411771e-05,-1.91045454621821e-05,9.62565370681689e-06,2.49581289020707e-05,2.90054484662552e-05
120_PB,2.43938979697711e-08,-6.04337480700996e-08,3.14469035121466e-07,2.34173699116472e-07,5.13119036570956e-08,-1.25060641682682e-08,7.56749682652731e-09,2.1509331348102e-09,3.06901538294939e-07,2.32022765981662e-07,4.37444068305683e-08,-1.46569973030784e-08,2.44182918677409e-05,-6.04941818181697e-05,0.000314783504156588,0.000234407872815589,5.13632155607527e-05,-1.25185702324365e-05
121_MT,-8.89842280529304e-08,1.32113166735612e-07,-4.52960640776977e-08,-4.78186826846494e-08,1.03075471894923e-08,2.00833193875207e-08,-4.50839695013081e-08,-1.03982596601403e-08,-2.12094576389661e-10,-3.7420423024509e-08,5.53915166908004e-08,3.0481579047661e-08,-8.90732122809833e-05,0.000132245279902347,-4.53413601417754e-05,-4.7866501367334e-05,1.03178547366818e-05,2.01034027069082e-05
122_KD,5.53914785532438e-08,-7.54520002110455e-09,-3.16346127420057e-08,-7.34807438523325e-09,-2.77470627683194e-08,-1.76403082846457e-08,1.44168670079587e-10,1.54298718168525e-08,-3.17787814120852e-08,-2.27779462020858e-08,-2.7891231438399e-08,-3.30701801014983e-08,5.54468700317971e-05,-7.55274522112565e-06,-3.16662473547477e-05,-7.35542245961849e-06,-2.77748098310877e-05,-1.76579485929304e-05
123_ES,3.75769723173695e-08,4.1314142811063e-08,4.57106307499305e-08,2.56263320094424e-08,-4.21487346251882e-08,-2.28304072745437e-08,3.87101077970795e-08,1.51622009003598e-08,7.000522952851e-09,1.04641311090826e-08,-8.08588424222677e-08,-3.79926081749034e-08,3.76145492896868e-05,4.13554569538741e-05,4.57563413806804e-05,2.56519583414519e-05,-4.21908833598134e-05,-2.28532376818182e-05
124_CK,3.3302027448578e-08,4.80463184761771e-08,-5.26535852977675e-09,7.34281381268663e-09,1.2929423636527e-08,4.64199360044859e-08,4.11478567617858e-08,-2.05377797174648e-09,-4.64132152915626e-08,9.39659178443311e-09,-2.82184331252588e-08,4.84737139762324e-08,3.33353294760265e-05,4.80943647946532e-05,-5.27062388830653e-06,7.35015662649932e-06,1.29423530601635e-05,4.64663559404904e-05
